NA
202500
NA
675000
219375
90000
NA
33750
NA
996401250
NA
5962500
NA
45315000
NA
84375
NA
6817500
5625
678363750
5625
8280000
5625
3341250
11250
17257500
45000
47891250
196875
2969617500
1946250
129847500
3003750
3225588750
3442500
329625000
2705625
90691875
4083750
133391250
43515000
907357500
9421875
8673648750
4696875
638347500
4983750
154704375
11188125
145507500
8268750
59940000
29446875
67179375
2446875
33058125
624375
33176250
NA
59962500
NA
9078750
84375
7981875
585000
8870625
337500
8111250
438750
36888750
388125
68400000
16875
1288125
596250
1299375
298125
337500
16875
30273750
3875625
NA
NA
NA
16875
354375
NA
438750
1490625
7880625
NA
843750
1721250
